 Step           Energy            Shift      RMSD Step       Max Step      RMSD Grad       Max Grad
----------------------------------------------------------------------------------------------------------------------
    1      -2.13396422      -2.13396422       0.000000       0.000000       0.087662       0.216167
    2      -2.18507192      -0.05110769       0.100000       0.246590       0.055688       0.140812
    3      -2.22389002      -0.03881811       0.100000       0.233140       0.022521       0.050252
    4      -2.24247783      -0.01858781       0.097659       0.201119       0.016527       0.046571
    5      -2.25442325      -0.01194542       0.110597       0.222670       0.011630       0.034084
    6      -2.26044965      -0.00602640       0.097103       0.176651       0.007227       0.017556
    7      -2.26398775      -0.00353810       0.105844       0.191694       0.003409       0.010140
    8      -2.26567225      -0.00168449       0.099163       0.180847       0.002100       0.005002
    9      -2.26655904      -0.00088679       0.100147       0.178945       0.001528       0.004412
   10      -2.26700643      -0.00044739       0.096246       0.170389       0.000521       0.001559
   11      -2.26722707      -0.00022064       0.093266       0.163192       0.000198       0.000524
   12      -2.26733580      -0.00010873       0.089514       0.155437       0.000306       0.000676
   13      -2.26739078      -0.00005498       0.086925       0.150670       0.000212       0.000454
   14      -2.26741794      -0.00002716       0.083706       0.145237       0.000066       0.000150
   15      -2.26743092      -0.00001298       0.079495       0.137842       0.000024       0.000060
   16      -2.26743708      -0.00000616       0.075197       0.130267       0.000038       0.000080
   17      -2.26743996      -0.00000289       0.070636       0.122386       0.000019       0.000040
   18      -2.26744126      -0.00000130       0.065051       0.112713       0.000001       0.000002
   19      -2.26744182      -0.00000056       0.058359       0.101096       0.000007       0.000015
   20      -2.26744205      -0.00000022       0.050388       0.087277       0.000006       0.000011
   21      -2.26744213      -0.00000008       0.040636       0.070391       0.000002       0.000003
   22      -2.26744215      -0.00000002       0.028946       0.050140       0.000000       0.000001
   23      -2.26744215      -0.00000000       0.016637       0.028817       0.000001       0.000001
   24      -2.26744215      -0.00000000       0.006321       0.010950       0.000000       0.000001
   25      -2.26744215      -0.00000000       0.001232       0.002135       0.000000       0.000000
   26      -2.26744215       0.00000000       0.000067       0.000116       0.000000       0.000000
